% bsc10 = [34.32 33.99 33.47 34.22 34.22 
%          34.33 34.44 33.82 34.91 34.91 
%          34.53 34.74 33.81 34.70 34.70 
%          34.18 34.41 33.47 34.18 34.18];
%                                        
% bsc20 = [30.54 29.67 29.04 30.16 30.16 
%          30.73 29.83 29.38 30.96 30.96 
%          30.82 30.15 29.33 30.67 30.67 
%          30.25 29.74 28.89 29.96 29.96];
%                                        
% bsc40 = [27.67 24.64 24.47 26.67 26.67 
%          27.14 25.43 25.18 27.23 27.23 
%          27.63 26.15 25.44 27.37 27.37 
%          27.81 26.45 25.50 27.31 27.31];
%          
% fnl10 = [34.95 34.11 33.68 34.95 34.95
%          34.62 34.67 34.23 35.61 35.61
%          35.15 35.31 34.29 35.67 35.67
%          35.32 35.54 34.13 35.61 35.61];
%                                       
% fnl20 = [31.08 30.49 29.69 31.06 31.06
%          31.24 30.34 29.90 31.82 31.82
%          31.66 31.09 30.02 31.83 31.83
%          31.69 31.35 29.97 31.66 31.66];
%                                       
% fnl40 = [28.38 26.02 25.64 27.62 27.62
%          28.15 26.06 25.81 28.24 28.24
%          28.62 26.94 26.12 28.42 28.42
%          28.86 27.46 26.24 28.45 28.45];

fnl05 = [ 39.45 40.18 40.16 39.07  
			 39.98 41.13 41.38 40.21  
			 39.60 40.28 40.78 39.56  
			 39.37 41.49 41.95 40.43  
			 40.15 42.25 42.56 40.97  
			 40.16 42.45 42.61 41.12  
			 40.01 42.38 42.48 41.02 ];
%                                  
fnl10 = [ 36.04 36.82 37.52 34.96  
			 36.42 37.27 37.92 36.23  
			 35.90 36.30 37.21 35.38  
			 35.30 37.30 38.16 36.38  
			 36.42 38.27 39.02 36.97  
			 36.72 38.63 39.24 37.25  
			 36.81 38.73 39.24 37.34 ];
%                                  
fnl15 = [ 33.67 34.05 35.17 33.02  
			 33.05 35.05 36.07 34.00  
			 34.31 36.17 36.99 34.61  
			 34.72 36.51 37.19 34.96  
			 34.88 36.62 37.22 35.13 ];
%                                  
fnl20 = [ 32.54 33.39 34.49 31.03  
			 32.88 33.61 34.62 32.27  
			 31.98 32.44 33.70 31.34  
			 31.54 33.56 34.47 32.36  
			 32.87 34.49 35.58 33.07  
			 33.23 34.89 35.86 33.40  
			 33.39 35.04 35.91 33.58 ];
%                                  
fnl25 = [ 30.73 31.24 32.59 30.07  
			 30.41 32.30 33.39 31.10  
			 31.76 33.54 34.41 31.78  
			 32.18 33.85 34.72 32.12  
			 32.39 33.97 34.79 32.32 ];
%                                  
fnl40 = [ 29.20 29.99 31.17 27.34  
			 29.52 30.00 31.30 28.32  
			 28.14 28.73 30.09 27.44  
			 28.17 29.79 30.86 28.43  
			 29.52 31.14 32.19 29.31  
			 29.89 31.40 32.57 29.60  
			 30.11 31.59 32.71 29.79 ];




fnl10_g = [ 36.45 40.49 34.46 NaN         %  37.03 
			   35.22 37.30 32.81 37.66       %  NaN   
			   34.95 37.48 32.01 37.85       %  34.11 
			   33.71 35.51 31.62 38.22       %  33.14 
			   35.05 36.89 33.19 38.80       %  35.03 
			   35.50 37.45 33.38 38.88       %  35.57 
			   35.66 37.56 33.31 38.75 ];    %  35.74 
%                                         %        
fnl20_g = [ 33.36 37.52 31.35 NaN         %  33.47 
			   31.59 33.79 28.63 34.10       %  NaN   
			   31.08 33.46 28.32 34.54       %  30.49 
			   30.38 31.77 26.91 33.88       %  28.75 
			   31.57 33.29 28.72 35.17       %  30.76 
			   32.00 33.85 29.18 35.42       %  31.49 
			   32.24 33.97 29.32 35.32 ];    %  31.76 
%                                         %        
fnl30_g = [ 31.62 36.05 29.09 NaN         %  30.36 
			   29.72 31.75 26.29 31.83       %  NaN   
			   29.37 31.02 26.20 32.30       %  27.99 
			   28.32 29.28 24.21 31.10       %  26.12 
			   29.67 31.13 26.05 32.78       %  28.25 
			   30.13 31.79 26.63 33.16       %  29.08 
			   30.47 32.08 26.88 33.37 ];    %  29.46 
%                                         %        
fnl40_g = [ 30.79 35.12 27.56 NaN         %  28.93 
			   28.49 30.35 24.60 30.10       %  NaN   
			   28.38 29.37 24.59 30.58       %  26.02 
			   26.83 27.55 22.35 29.03       %  24.30 
			   28.32 29.59 24.16 31.04       %  26.40 
			   28.82 30.32 24.76 31.50       %  27.28 
			   29.24 30.72 25.06 31.82 ];    %  27.82 
