bsc10 = [34.32 33.99 33.47 34.22 34.22 
         34.33 34.44 33.82 34.91 34.91 
         34.53 34.74 33.81 34.70 34.70 
         34.18 34.41 33.47 34.18 34.18];
                                       
bsc20 = [30.54 29.67 29.04 30.16 30.16 
         30.73 29.83 29.38 30.96 30.96 
         30.82 30.15 29.33 30.67 30.67 
         30.25 29.74 28.89 29.96 29.96];
                                       
bsc40 = [27.67 24.64 24.47 26.67 26.67 
         27.14 25.43 25.18 27.23 27.23 
         27.63 26.15 25.44 27.37 27.37 
         27.81 26.45 25.50 27.31 27.31];
         
fnl10 = [34.95 34.11 33.68 34.95 34.95
         34.62 34.67 34.23 35.61 35.61
         35.15 35.31 34.29 35.67 35.67
         35.32 35.54 34.13 35.61 35.61];
                                      
fnl20 = [31.08 30.49 29.69 31.06 31.06
         31.24 30.34 29.90 31.82 31.82
         31.66 31.09 30.02 31.83 31.83
         31.69 31.35 29.97 31.66 31.66];
                                      
fnl40 = [28.38 26.02 25.64 27.62 27.62
         28.15 26.06 25.81 28.24 28.24
         28.62 26.94 26.12 28.42 28.42
         28.86 27.46 26.24 28.45 28.45];
